Electricity_336_729_NLinear_custom_ftM_sl336_ll48_pl729_dm512_nh8_el2_dl1_df2048_fc1_ebtimeF_dtTrue_Exp_0  
mse:0.6732160449028015, mae:0.6162751317024231, rse:0.7515540719032288, corr:[0.30324662 0.30098408 0.29890797 0.2974521  0.29676905 0.29611698
 0.29474673 0.29403952 0.29427502 0.2940626  0.29386362 0.29356718
 0.29334196 0.2928564  0.29270712 0.29231963 0.29278883 0.29301935
 0.29327366 0.29316646 0.29284286 0.2922516  0.29153132 0.2908926
 0.28974155 0.2887052  0.28777817 0.2872755  0.28668362 0.28618795
 0.28575602 0.28525782 0.2851909  0.28602538 0.286021   0.28562102
 0.28594452 0.28610146 0.28589344 0.28530958 0.28554007 0.28588027
 0.28566757 0.28557995 0.28493762 0.2843467  0.28353998 0.28277084
 0.2807751  0.2789234  0.27708733 0.27551365 0.27470663 0.27441022
 0.27460968 0.2749765  0.2754706  0.27542138 0.27526364 0.2749404
 0.27507147 0.27437007 0.27503678 0.27546144 0.27560836 0.27545506
 0.27546355 0.27539226 0.27482286 0.2746835  0.27413273 0.27373776
 0.2723557  0.27112094 0.27038327 0.26953083 0.26831114 0.2678169
 0.2677864  0.2676853  0.26767275 0.26815426 0.26747897 0.26678073
 0.26663828 0.26688242 0.26700625 0.26619828 0.2658977  0.2664631
 0.266479   0.26689425 0.26698735 0.26653525 0.26623243 0.26608184
 0.26505646 0.26485702 0.2641632  0.2633265  0.2619059  0.2611589
 0.26095995 0.26094836 0.2613292  0.2613882  0.26109618 0.26085454
 0.26142502 0.26109454 0.2613231  0.2611949  0.26165468 0.2619662
 0.26193494 0.26182142 0.26195952 0.26178712 0.2619151  0.26161015
 0.26087555 0.2596965  0.2586082  0.25809497 0.25726226 0.25664243
 0.25663564 0.25626346 0.25632045 0.25649923 0.2564016  0.25628194
 0.25667718 0.25695562 0.25661296 0.25600773 0.25586742 0.25684372
 0.25645983 0.25663212 0.2563145  0.25647217 0.25632852 0.25567088
 0.25452784 0.25314876 0.25243953 0.25173566 0.2512377  0.25104898
 0.25017858 0.25001612 0.25008336 0.2500754  0.24949996 0.24907486
 0.24876162 0.24861674 0.2483133  0.24865137 0.24920277 0.24962153
 0.24957436 0.25001666 0.24993688 0.24909027 0.24866869 0.24776119
 0.24610278 0.24418151 0.24315768 0.24287961 0.2412624  0.24098256
 0.23983501 0.24008617 0.24048732 0.23993905 0.23988393 0.24010538
 0.24020995 0.24010782 0.24099523 0.24101505 0.24112335 0.24168341
 0.24126905 0.24179676 0.24153106 0.24060461 0.2406107  0.24026881
 0.23898135 0.23704492 0.23640423 0.2349496  0.23421621 0.23353374
 0.23267917 0.23257737 0.23202409 0.2323161  0.23278223 0.2324201
 0.23243825 0.23258822 0.2326415  0.23301394 0.2329582  0.23317434
 0.23247342 0.23275445 0.23281711 0.23260297 0.23215514 0.2317452
 0.2303111  0.22846925 0.2282138  0.22731608 0.22605585 0.22520877
 0.2243715  0.22413221 0.22422412 0.22453383 0.22435014 0.22428508
 0.22437668 0.22408704 0.22435497 0.22447622 0.22533008 0.22558214
 0.22553419 0.22648363 0.2263545  0.22568056 0.225675   0.22517043
 0.22459048 0.223414   0.22238295 0.22116396 0.2201678  0.21942568
 0.21902877 0.21941239 0.2197771  0.2197221  0.21977754 0.21970767
 0.2193941  0.21951105 0.2197378  0.22009976 0.2206521  0.22101152
 0.22135714 0.22192132 0.22214651 0.22225519 0.22211996 0.22177713
 0.21989313 0.21871719 0.2177918  0.21721734 0.21652237 0.21629511
 0.21515125 0.21573639 0.21522897 0.21483845 0.21478908 0.21411395
 0.21408887 0.21480878 0.21526729 0.21642144 0.21685342 0.21820949
 0.21861328 0.21843283 0.21907407 0.21863508 0.2184917  0.21768224
 0.21666406 0.21473785 0.21432306 0.21327302 0.21293916 0.21228269
 0.21206903 0.21184991 0.21137674 0.21119136 0.21105014 0.2111865
 0.2116219  0.21134189 0.21201658 0.21214795 0.21283425 0.21363784
 0.2133249  0.21364307 0.2135403  0.21342245 0.21260358 0.21156478
 0.21124226 0.2093899  0.21021989 0.20907846 0.20913753 0.20927556
 0.20919901 0.20804141 0.20839407 0.20789486 0.20728876 0.20708863
 0.20736347 0.20761126 0.20795506 0.20795716 0.20836063 0.20929994
 0.21036778 0.210437   0.21022044 0.20930846 0.20915212 0.2087243
 0.2077919  0.20637125 0.2056315  0.20448934 0.20403767 0.2031484
 0.2030257  0.20258455 0.20254336 0.20240192 0.20242658 0.20251738
 0.2023837  0.20234299 0.20236802 0.20261297 0.2031294  0.20402616
 0.20406254 0.204212   0.20476404 0.2045723  0.20419    0.20275928
 0.201877   0.20138556 0.20021911 0.19996694 0.19965291 0.19812152
 0.1973395  0.19715351 0.19631739 0.19678724 0.19729894 0.19682863
 0.19650562 0.19630918 0.19637267 0.1974877  0.19777845 0.19817774
 0.19922954 0.19876413 0.19986135 0.19901142 0.19951816 0.1983935
 0.19743438 0.19625182 0.19632947 0.19484836 0.19431245 0.1922119
 0.19205557 0.19231054 0.1923978  0.19253398 0.19261816 0.19198568
 0.19226901 0.19218329 0.19269373 0.1941392  0.19590047 0.19610456
 0.19683705 0.19779275 0.19796498 0.19877253 0.19777584 0.19652857
 0.1945268  0.19148111 0.1919885  0.19186036 0.19019496 0.189414
 0.18846487 0.18931699 0.18963166 0.19012754 0.18955927 0.18992005
 0.19029208 0.19110042 0.19158144 0.19163875 0.191788   0.19206391
 0.19313182 0.19405805 0.19479147 0.19449909 0.19405548 0.193884
 0.19151554 0.19009103 0.18933597 0.1864281  0.1847282  0.18336691
 0.18257762 0.18301116 0.18236674 0.18284602 0.18351215 0.18348907
 0.18327501 0.18422571 0.18441129 0.18479076 0.18491001 0.18576948
 0.18528707 0.18588307 0.18631011 0.18657266 0.18541214 0.18287286
 0.18269975 0.18060625 0.1795187  0.17752106 0.17644997 0.17573588
 0.1755383  0.17626074 0.17567328 0.17561029 0.17553036 0.17501399
 0.17480485 0.17505826 0.17496791 0.1754587  0.17549114 0.1762754
 0.17645738 0.17630373 0.17564954 0.17512555 0.17536621 0.17404461
 0.17199408 0.17211652 0.17132553 0.17093204 0.17049745 0.16892429
 0.16712062 0.16724361 0.16711892 0.16626285 0.16617694 0.16584045
 0.1656851  0.16435754 0.16595875 0.16662027 0.1673623  0.16767314
 0.16704914 0.16741732 0.16782476 0.16698538 0.16653843 0.16552049
 0.16495344 0.16271877 0.16148648 0.15982594 0.15778266 0.15600453
 0.15533067 0.15578477 0.15530974 0.15537186 0.15574762 0.15568861
 0.1551072  0.15567765 0.1559589  0.15600862 0.15671739 0.15683694
 0.15805446 0.15819182 0.15862066 0.1593001  0.15971944 0.1580129
 0.15553491 0.15430665 0.153132   0.15271871 0.1517631  0.15100782
 0.15024833 0.15025993 0.15043159 0.1502005  0.15042047 0.14977595
 0.14947125 0.14931396 0.15052801 0.15109988 0.15236948 0.15272677
 0.15329587 0.15467009 0.15454663 0.15452237 0.15550685 0.15403302
 0.15388674 0.15283287 0.1516456  0.15113802 0.14997925 0.1484609
 0.14728121 0.14734337 0.14806044 0.14821866 0.14845486 0.14799114
 0.14848886 0.14787321 0.14870504 0.14983235 0.15041153 0.15039696
 0.15050119 0.15074791 0.15098114 0.15011756 0.15107507 0.15016027
 0.14894475 0.1475716  0.1465029  0.1448669  0.14465742 0.144054
 0.14308707 0.14411432 0.14406644 0.14358553 0.1434016  0.14305615
 0.14349107 0.14358512 0.14434218 0.14552926 0.14667718 0.14675885
 0.14752659 0.14830117 0.14871505 0.14848648 0.14976572 0.14884111
 0.14778624 0.14666001 0.14588971 0.14580123 0.14476608 0.14372383
 0.14355361 0.14385644 0.1443583  0.14364469 0.14481452 0.14432961
 0.1447805  0.14516324 0.14554621 0.14626026 0.14711723 0.1475837
 0.14817105 0.14940676 0.1498428  0.14894679 0.1510427  0.15161745
 0.15131918 0.14964093 0.14715825 0.14725548 0.14620426 0.14521192
 0.14434426 0.14461724 0.14421494 0.14439936 0.14480849 0.14421782
 0.14382459 0.14509566 0.14647017 0.14703918 0.14811715 0.14883979
 0.14992745 0.15063399 0.15162288 0.15192558 0.1535655  0.15210584
 0.15075979 0.15008582 0.14969411 0.148126   0.14689557 0.1453047
 0.14444228 0.14381272 0.14375094 0.14326292 0.14334066 0.14332093
 0.14311942 0.14346562 0.14413628 0.14540607 0.14676163 0.14802411
 0.14897497 0.14997897 0.1505697  0.15073358 0.15112984 0.15112314
 0.1514621  0.14887476 0.14732768 0.14551513 0.14382814 0.14243445
 0.14106031 0.14084266 0.14056374 0.14059377 0.14048254 0.14036685
 0.14064997 0.14096375 0.14275616 0.14383084 0.14460665 0.14625405
 0.14827819 0.14975455 0.14975333 0.15003194 0.15026031 0.15091555
 0.15020561 0.14775705 0.14741187 0.14707081 0.1461075  0.14460722
 0.14342149 0.14292072 0.14295034 0.14228956 0.14214753 0.14266664
 0.14340478 0.14389953 0.14494364 0.14622162 0.14840882 0.14924958
 0.15018858 0.15166794 0.15201248 0.15288667 0.15339117 0.1533907
 0.15388368 0.15201502 0.15178351 0.15055047 0.14966103 0.1486071
 0.14816923 0.14754105 0.14773649]

Electricity_336_96_NLinear_custom_ftM_sl336_ll48_pl96_dm512_nh8_el2_dl1_df2048_fc1_ebtimeF_dtTrue_Exp_0  
mse:0.4099377393722534, mae:0.4366545081138611, rse:0.5839459896087646, corr:[0.34499598 0.34200218 0.33972985 0.33789483 0.33659714 0.33588022
 0.33486205 0.33405524 0.3346278  0.334551   0.3344183  0.33461162
 0.3347953  0.334474   0.3340397  0.33378956 0.33410683 0.33433172
 0.3346005  0.33414397 0.33395717 0.33313105 0.33237267 0.33207214
 0.3309174  0.33039588 0.32961974 0.32893214 0.32798588 0.3275397
 0.32712397 0.32689762 0.3275835  0.32810858 0.3283506  0.3283896
 0.32816076 0.32829654 0.3278672  0.32748547 0.3269174  0.3265577
 0.3264609  0.3259307  0.3253595  0.32473114 0.32367113 0.32323992
 0.32162085 0.32035345 0.31904736 0.3178922  0.31710383 0.3164658
 0.31631365 0.317108   0.3182925  0.31839436 0.3182686  0.31826475
 0.3183159  0.31769696 0.318208   0.31770748 0.31743526 0.3176747
 0.31734446 0.31724012 0.3170314  0.3166019  0.31600314 0.31572914
 0.3148779  0.31368834 0.31300563 0.31253    0.31161347 0.3114281
 0.3110817  0.31130934 0.3114957  0.31211048 0.31135225 0.31174543
 0.31171742 0.31123918 0.31056142 0.3103519  0.31030273 0.31022525
 0.31027302 0.31029263 0.31045395 0.31009957 0.30964535 0.30932423]

Electricity_336_192_NLinear_custom_ftM_sl336_ll48_pl192_dm512_nh8_el2_dl1_df2048_fc1_ebtimeF_dtTrue_Exp_0  
mse:0.4642481207847595, mae:0.477832168340683, rse:0.6223956346511841, corr:[0.34050143 0.33761057 0.3352781  0.333472   0.33258346 0.3315032
 0.32923383 0.32825407 0.3285212  0.32866022 0.3280842  0.3283606
 0.328037   0.32872146 0.32835513 0.3283337  0.32887152 0.3294292
 0.32935208 0.32866007 0.32849365 0.3277232  0.32732105 0.32722816
 0.32630348 0.32547584 0.32445094 0.32344452 0.3223984  0.3221056
 0.32222426 0.3223052  0.32223734 0.32251856 0.32215968 0.32198355
 0.3223255  0.32204548 0.32203093 0.32131416 0.32175282 0.32153967
 0.32102597 0.32064998 0.319991   0.31977606 0.3188864  0.31807882
 0.31643656 0.3149557  0.31316608 0.31222662 0.311114   0.3109341
 0.3116321  0.31235597 0.31265718 0.3125845  0.3119057  0.31256956
 0.31226403 0.31199446 0.31234127 0.3117949  0.31162873 0.31182355
 0.3114325  0.311685   0.31167147 0.3109009  0.31034967 0.30978304
 0.30916533 0.30802667 0.3071485  0.30687743 0.30662653 0.30620173
 0.30601367 0.3056819  0.30488157 0.30496606 0.30506018 0.3054311
 0.30455744 0.3045071  0.3045769  0.30404222 0.303967   0.30405146
 0.30378568 0.3034445  0.30379415 0.30395076 0.30368894 0.30277753
 0.3017302  0.30186352 0.30090332 0.3007436  0.29999286 0.30031335
 0.30089957 0.30095285 0.30010396 0.29955918 0.2992245  0.29894608
 0.29871774 0.2983522  0.29874596 0.29811606 0.2990695  0.29955328
 0.2996458  0.2996138  0.29952565 0.29962736 0.29932848 0.29877013
 0.29810017 0.2974717  0.2967508  0.2959779  0.29579228 0.2951799
 0.29453218 0.29366574 0.29416355 0.29434368 0.29390103 0.29368836
 0.29404077 0.29382983 0.2945912  0.2945001  0.29425034 0.2945361
 0.29376954 0.29440272 0.29455522 0.29423818 0.2941385  0.29305124
 0.2919953  0.2908177  0.29064423 0.28979942 0.28930226 0.28889373
 0.28837934 0.28801882 0.28862613 0.28843915 0.2882854  0.28806353
 0.28786534 0.28760412 0.28786775 0.28805038 0.2889191  0.28917065
 0.2889543  0.28953552 0.2895086  0.28911892 0.28830525 0.28787482
 0.28656107 0.28574678 0.284821   0.28381076 0.28316525 0.28282955
 0.28269386 0.28193128 0.28178307 0.2820558  0.28219557 0.28192198
 0.2823841  0.28222102 0.28233942 0.28293172 0.28283763 0.28374487
 0.2833807  0.2831349  0.28309277 0.28219804 0.28224465 0.2812236 ]

Electricity_336_336_NLinear_custom_ftM_sl336_ll48_pl336_dm512_nh8_el2_dl1_df2048_fc1_ebtimeF_dtTrue_Exp_0  
mse:0.5264807939529419, mae:0.5206864476203918, rse:0.6642513275146484, corr:[0.33058733 0.32753167 0.32525215 0.32366723 0.32243446 0.3217293
 0.32032007 0.31923902 0.3195509  0.31947538 0.31929547 0.31983075
 0.3196151  0.320054   0.31972677 0.3195572  0.31985474 0.3199928
 0.32026753 0.3202599  0.31984675 0.31943294 0.31878358 0.3181788
 0.31699222 0.31579745 0.31550783 0.31470272 0.3135472  0.31312913
 0.31305966 0.3125837  0.31248724 0.3130487  0.3130833  0.31341454
 0.31374884 0.31374985 0.31374997 0.31336397 0.31301776 0.3129423
 0.3124848  0.31225812 0.3117874  0.31117618 0.3106206  0.309659
 0.3078731  0.3063725  0.30481634 0.30338782 0.30308366 0.302497
 0.3020989  0.30288446 0.30310804 0.30286    0.30338302 0.30381
 0.3034328  0.30378407 0.30435336 0.30374846 0.30362064 0.30344075
 0.3032244  0.30317378 0.3032952  0.3024612  0.30190983 0.30165404
 0.30050305 0.2997106  0.29870614 0.2976173  0.29639414 0.29583478
 0.29521832 0.29550466 0.29601353 0.2965501  0.2965235  0.29640535
 0.29634467 0.29645777 0.2962758  0.29602    0.29606062 0.29633665
 0.29613465 0.29627886 0.29688767 0.29634646 0.29610637 0.29576477
 0.29543507 0.2954848  0.29456595 0.2940461  0.29301244 0.29211956
 0.29190975 0.2912218  0.29168177 0.29190812 0.29202712 0.2926505
 0.29241428 0.29237318 0.29271358 0.2928806  0.29273337 0.2927606
 0.29289132 0.2926571  0.29295918 0.29275492 0.2921977  0.2919192
 0.29036444 0.28924382 0.288851   0.28809443 0.28756374 0.2870005
 0.28693575 0.28665715 0.28669006 0.28700924 0.28685847 0.28696078
 0.28743395 0.28738645 0.28748316 0.28689882 0.28733176 0.28675222
 0.286833   0.2859724  0.2858522  0.28579715 0.2854682  0.28512755
 0.2841891  0.28305668 0.282723   0.2822011  0.2821399  0.2816971
 0.28111959 0.2804741  0.28096464 0.28020975 0.28107792 0.2809226
 0.28120425 0.2810037  0.28086913 0.2805298  0.2804875  0.2803408
 0.28053522 0.27990592 0.27991602 0.2798486  0.27916336 0.27831995
 0.27649662 0.27595136 0.27519783 0.27451807 0.27441618 0.27366495
 0.2727443  0.27338526 0.2733735  0.27404976 0.2741992  0.27444738
 0.27459908 0.2742855  0.27417132 0.27404994 0.27386078 0.273327
 0.27307293 0.2721661  0.2715622  0.2703877  0.2704892  0.2695145
 0.2685954  0.26729527 0.2673847  0.2665525  0.26658303 0.26682538
 0.26613155 0.26614562 0.26652998 0.26630902 0.26590183 0.2660007
 0.2664858  0.26628473 0.266307   0.2656425  0.2649997  0.26493105
 0.26448837 0.26411554 0.26404238 0.26393813 0.26350993 0.26194125
 0.2614487  0.26099378 0.26041    0.259768   0.25944212 0.2586177
 0.25882187 0.2589263  0.25848454 0.2588501  0.2593126  0.2598903
 0.2596317  0.25921986 0.25929308 0.25915024 0.2586321  0.25870287
 0.25826433 0.2580219  0.2574001  0.25713703 0.25620472 0.255334
 0.25496247 0.25438672 0.2540418  0.25347576 0.253495   0.25345242
 0.2532779  0.2534377  0.25354478 0.2534167  0.25370055 0.2543362
 0.2547527  0.25497073 0.25512385 0.25503376 0.25500232 0.2544353
 0.25482088 0.25453714 0.2545644  0.2538345  0.2539388  0.25294453
 0.25138384 0.2505919  0.25083786 0.25077343 0.25005278 0.24978785
 0.24928913 0.24928086 0.24919078 0.24968767 0.24947678 0.25017324
 0.25025797 0.25042254 0.25049028 0.25059474 0.2502613  0.25047594
 0.25050542 0.2500846  0.2501436  0.25004306 0.24962205 0.2489629
 0.24770781 0.24666575 0.24698918 0.2461264  0.24555206 0.24536596
 0.24499787 0.24550664 0.24564788 0.24628755 0.24608949 0.24663037
 0.24680772 0.24683248 0.2469821  0.2465854  0.24658437 0.24620603
 0.24577756 0.24613616 0.24613494 0.24594484 0.24557611 0.2449852
 0.24356982 0.24317797 0.24280725 0.2432515  0.24312012 0.24324815
 0.24310516 0.24332736 0.24380262 0.24409719 0.24396566 0.24415588
 0.2446397  0.24455616 0.24433354 0.24437335 0.24386394 0.24404024
 0.24392886 0.24405622 0.24310327 0.24376103 0.24310021 0.24329421]

Electricity_336_96_NLinear_custom_ftM_sl336_ll48_pl96_dm512_nh8_el2_dl1_df2048_fc1_ebtimeF_dtTrue_Exp_0  
mse:0.4099377393722534, mae:0.4366545081138611, rse:0.5839459896087646, corr:[0.34499598 0.34200218 0.33972985 0.33789483 0.33659714 0.33588022
 0.33486205 0.33405524 0.3346278  0.334551   0.3344183  0.33461162
 0.3347953  0.334474   0.3340397  0.33378956 0.33410683 0.33433172
 0.3346005  0.33414397 0.33395717 0.33313105 0.33237267 0.33207214
 0.3309174  0.33039588 0.32961974 0.32893214 0.32798588 0.3275397
 0.32712397 0.32689762 0.3275835  0.32810858 0.3283506  0.3283896
 0.32816076 0.32829654 0.3278672  0.32748547 0.3269174  0.3265577
 0.3264609  0.3259307  0.3253595  0.32473114 0.32367113 0.32323992
 0.32162085 0.32035345 0.31904736 0.3178922  0.31710383 0.3164658
 0.31631365 0.317108   0.3182925  0.31839436 0.3182686  0.31826475
 0.3183159  0.31769696 0.318208   0.31770748 0.31743526 0.3176747
 0.31734446 0.31724012 0.3170314  0.3166019  0.31600314 0.31572914
 0.3148779  0.31368834 0.31300563 0.31253    0.31161347 0.3114281
 0.3110817  0.31130934 0.3114957  0.31211048 0.31135225 0.31174543
 0.31171742 0.31123918 0.31056142 0.3103519  0.31030273 0.31022525
 0.31027302 0.31029263 0.31045395 0.31009957 0.30964535 0.30932423]

Electricity_336_192_NLinear_custom_ftM_sl336_ll48_pl192_dm512_nh8_el2_dl1_df2048_fc1_ebtimeF_dtTrue_Exp_0  
mse:0.4642481207847595, mae:0.477832168340683, rse:0.6223956346511841, corr:[0.34050143 0.33761057 0.3352781  0.333472   0.33258346 0.3315032
 0.32923383 0.32825407 0.3285212  0.32866022 0.3280842  0.3283606
 0.328037   0.32872146 0.32835513 0.3283337  0.32887152 0.3294292
 0.32935208 0.32866007 0.32849365 0.3277232  0.32732105 0.32722816
 0.32630348 0.32547584 0.32445094 0.32344452 0.3223984  0.3221056
 0.32222426 0.3223052  0.32223734 0.32251856 0.32215968 0.32198355
 0.3223255  0.32204548 0.32203093 0.32131416 0.32175282 0.32153967
 0.32102597 0.32064998 0.319991   0.31977606 0.3188864  0.31807882
 0.31643656 0.3149557  0.31316608 0.31222662 0.311114   0.3109341
 0.3116321  0.31235597 0.31265718 0.3125845  0.3119057  0.31256956
 0.31226403 0.31199446 0.31234127 0.3117949  0.31162873 0.31182355
 0.3114325  0.311685   0.31167147 0.3109009  0.31034967 0.30978304
 0.30916533 0.30802667 0.3071485  0.30687743 0.30662653 0.30620173
 0.30601367 0.3056819  0.30488157 0.30496606 0.30506018 0.3054311
 0.30455744 0.3045071  0.3045769  0.30404222 0.303967   0.30405146
 0.30378568 0.3034445  0.30379415 0.30395076 0.30368894 0.30277753
 0.3017302  0.30186352 0.30090332 0.3007436  0.29999286 0.30031335
 0.30089957 0.30095285 0.30010396 0.29955918 0.2992245  0.29894608
 0.29871774 0.2983522  0.29874596 0.29811606 0.2990695  0.29955328
 0.2996458  0.2996138  0.29952565 0.29962736 0.29932848 0.29877013
 0.29810017 0.2974717  0.2967508  0.2959779  0.29579228 0.2951799
 0.29453218 0.29366574 0.29416355 0.29434368 0.29390103 0.29368836
 0.29404077 0.29382983 0.2945912  0.2945001  0.29425034 0.2945361
 0.29376954 0.29440272 0.29455522 0.29423818 0.2941385  0.29305124
 0.2919953  0.2908177  0.29064423 0.28979942 0.28930226 0.28889373
 0.28837934 0.28801882 0.28862613 0.28843915 0.2882854  0.28806353
 0.28786534 0.28760412 0.28786775 0.28805038 0.2889191  0.28917065
 0.2889543  0.28953552 0.2895086  0.28911892 0.28830525 0.28787482
 0.28656107 0.28574678 0.284821   0.28381076 0.28316525 0.28282955
 0.28269386 0.28193128 0.28178307 0.2820558  0.28219557 0.28192198
 0.2823841  0.28222102 0.28233942 0.28293172 0.28283763 0.28374487
 0.2833807  0.2831349  0.28309277 0.28219804 0.28224465 0.2812236 ]

Electricity_336_336_NLinear_custom_ftM_sl336_ll48_pl336_dm512_nh8_el2_dl1_df2048_fc1_ebtimeF_dtTrue_Exp_0  
mse:0.5264807939529419, mae:0.5206864476203918, rse:0.6642513275146484, corr:[0.33058733 0.32753167 0.32525215 0.32366723 0.32243446 0.3217293
 0.32032007 0.31923902 0.3195509  0.31947538 0.31929547 0.31983075
 0.3196151  0.320054   0.31972677 0.3195572  0.31985474 0.3199928
 0.32026753 0.3202599  0.31984675 0.31943294 0.31878358 0.3181788
 0.31699222 0.31579745 0.31550783 0.31470272 0.3135472  0.31312913
 0.31305966 0.3125837  0.31248724 0.3130487  0.3130833  0.31341454
 0.31374884 0.31374985 0.31374997 0.31336397 0.31301776 0.3129423
 0.3124848  0.31225812 0.3117874  0.31117618 0.3106206  0.309659
 0.3078731  0.3063725  0.30481634 0.30338782 0.30308366 0.302497
 0.3020989  0.30288446 0.30310804 0.30286    0.30338302 0.30381
 0.3034328  0.30378407 0.30435336 0.30374846 0.30362064 0.30344075
 0.3032244  0.30317378 0.3032952  0.3024612  0.30190983 0.30165404
 0.30050305 0.2997106  0.29870614 0.2976173  0.29639414 0.29583478
 0.29521832 0.29550466 0.29601353 0.2965501  0.2965235  0.29640535
 0.29634467 0.29645777 0.2962758  0.29602    0.29606062 0.29633665
 0.29613465 0.29627886 0.29688767 0.29634646 0.29610637 0.29576477
 0.29543507 0.2954848  0.29456595 0.2940461  0.29301244 0.29211956
 0.29190975 0.2912218  0.29168177 0.29190812 0.29202712 0.2926505
 0.29241428 0.29237318 0.29271358 0.2928806  0.29273337 0.2927606
 0.29289132 0.2926571  0.29295918 0.29275492 0.2921977  0.2919192
 0.29036444 0.28924382 0.288851   0.28809443 0.28756374 0.2870005
 0.28693575 0.28665715 0.28669006 0.28700924 0.28685847 0.28696078
 0.28743395 0.28738645 0.28748316 0.28689882 0.28733176 0.28675222
 0.286833   0.2859724  0.2858522  0.28579715 0.2854682  0.28512755
 0.2841891  0.28305668 0.282723   0.2822011  0.2821399  0.2816971
 0.28111959 0.2804741  0.28096464 0.28020975 0.28107792 0.2809226
 0.28120425 0.2810037  0.28086913 0.2805298  0.2804875  0.2803408
 0.28053522 0.27990592 0.27991602 0.2798486  0.27916336 0.27831995
 0.27649662 0.27595136 0.27519783 0.27451807 0.27441618 0.27366495
 0.2727443  0.27338526 0.2733735  0.27404976 0.2741992  0.27444738
 0.27459908 0.2742855  0.27417132 0.27404994 0.27386078 0.273327
 0.27307293 0.2721661  0.2715622  0.2703877  0.2704892  0.2695145
 0.2685954  0.26729527 0.2673847  0.2665525  0.26658303 0.26682538
 0.26613155 0.26614562 0.26652998 0.26630902 0.26590183 0.2660007
 0.2664858  0.26628473 0.266307   0.2656425  0.2649997  0.26493105
 0.26448837 0.26411554 0.26404238 0.26393813 0.26350993 0.26194125
 0.2614487  0.26099378 0.26041    0.259768   0.25944212 0.2586177
 0.25882187 0.2589263  0.25848454 0.2588501  0.2593126  0.2598903
 0.2596317  0.25921986 0.25929308 0.25915024 0.2586321  0.25870287
 0.25826433 0.2580219  0.2574001  0.25713703 0.25620472 0.255334
 0.25496247 0.25438672 0.2540418  0.25347576 0.253495   0.25345242
 0.2532779  0.2534377  0.25354478 0.2534167  0.25370055 0.2543362
 0.2547527  0.25497073 0.25512385 0.25503376 0.25500232 0.2544353
 0.25482088 0.25453714 0.2545644  0.2538345  0.2539388  0.25294453
 0.25138384 0.2505919  0.25083786 0.25077343 0.25005278 0.24978785
 0.24928913 0.24928086 0.24919078 0.24968767 0.24947678 0.25017324
 0.25025797 0.25042254 0.25049028 0.25059474 0.2502613  0.25047594
 0.25050542 0.2500846  0.2501436  0.25004306 0.24962205 0.2489629
 0.24770781 0.24666575 0.24698918 0.2461264  0.24555206 0.24536596
 0.24499787 0.24550664 0.24564788 0.24628755 0.24608949 0.24663037
 0.24680772 0.24683248 0.2469821  0.2465854  0.24658437 0.24620603
 0.24577756 0.24613616 0.24613494 0.24594484 0.24557611 0.2449852
 0.24356982 0.24317797 0.24280725 0.2432515  0.24312012 0.24324815
 0.24310516 0.24332736 0.24380262 0.24409719 0.24396566 0.24415588
 0.2446397  0.24455616 0.24433354 0.24437335 0.24386394 0.24404024
 0.24392886 0.24405622 0.24310327 0.24376103 0.24310021 0.24329421]

Electricity_336_729_NLinear_custom_ftM_sl336_ll48_pl729_dm512_nh8_el2_dl1_df2048_fc1_ebtimeF_dtTrue_Exp_0  
mse:0.6732160449028015, mae:0.6162751317024231, rse:0.7515540719032288, corr:[0.30324662 0.30098408 0.29890797 0.2974521  0.29676905 0.29611698
 0.29474673 0.29403952 0.29427502 0.2940626  0.29386362 0.29356718
 0.29334196 0.2928564  0.29270712 0.29231963 0.29278883 0.29301935
 0.29327366 0.29316646 0.29284286 0.2922516  0.29153132 0.2908926
 0.28974155 0.2887052  0.28777817 0.2872755  0.28668362 0.28618795
 0.28575602 0.28525782 0.2851909  0.28602538 0.286021   0.28562102
 0.28594452 0.28610146 0.28589344 0.28530958 0.28554007 0.28588027
 0.28566757 0.28557995 0.28493762 0.2843467  0.28353998 0.28277084
 0.2807751  0.2789234  0.27708733 0.27551365 0.27470663 0.27441022
 0.27460968 0.2749765  0.2754706  0.27542138 0.27526364 0.2749404
 0.27507147 0.27437007 0.27503678 0.27546144 0.27560836 0.27545506
 0.27546355 0.27539226 0.27482286 0.2746835  0.27413273 0.27373776
 0.2723557  0.27112094 0.27038327 0.26953083 0.26831114 0.2678169
 0.2677864  0.2676853  0.26767275 0.26815426 0.26747897 0.26678073
 0.26663828 0.26688242 0.26700625 0.26619828 0.2658977  0.2664631
 0.266479   0.26689425 0.26698735 0.26653525 0.26623243 0.26608184
 0.26505646 0.26485702 0.2641632  0.2633265  0.2619059  0.2611589
 0.26095995 0.26094836 0.2613292  0.2613882  0.26109618 0.26085454
 0.26142502 0.26109454 0.2613231  0.2611949  0.26165468 0.2619662
 0.26193494 0.26182142 0.26195952 0.26178712 0.2619151  0.26161015
 0.26087555 0.2596965  0.2586082  0.25809497 0.25726226 0.25664243
 0.25663564 0.25626346 0.25632045 0.25649923 0.2564016  0.25628194
 0.25667718 0.25695562 0.25661296 0.25600773 0.25586742 0.25684372
 0.25645983 0.25663212 0.2563145  0.25647217 0.25632852 0.25567088
 0.25452784 0.25314876 0.25243953 0.25173566 0.2512377  0.25104898
 0.25017858 0.25001612 0.25008336 0.2500754  0.24949996 0.24907486
 0.24876162 0.24861674 0.2483133  0.24865137 0.24920277 0.24962153
 0.24957436 0.25001666 0.24993688 0.24909027 0.24866869 0.24776119
 0.24610278 0.24418151 0.24315768 0.24287961 0.2412624  0.24098256
 0.23983501 0.24008617 0.24048732 0.23993905 0.23988393 0.24010538
 0.24020995 0.24010782 0.24099523 0.24101505 0.24112335 0.24168341
 0.24126905 0.24179676 0.24153106 0.24060461 0.2406107  0.24026881
 0.23898135 0.23704492 0.23640423 0.2349496  0.23421621 0.23353374
 0.23267917 0.23257737 0.23202409 0.2323161  0.23278223 0.2324201
 0.23243825 0.23258822 0.2326415  0.23301394 0.2329582  0.23317434
 0.23247342 0.23275445 0.23281711 0.23260297 0.23215514 0.2317452
 0.2303111  0.22846925 0.2282138  0.22731608 0.22605585 0.22520877
 0.2243715  0.22413221 0.22422412 0.22453383 0.22435014 0.22428508
 0.22437668 0.22408704 0.22435497 0.22447622 0.22533008 0.22558214
 0.22553419 0.22648363 0.2263545  0.22568056 0.225675   0.22517043
 0.22459048 0.223414   0.22238295 0.22116396 0.2201678  0.21942568
 0.21902877 0.21941239 0.2197771  0.2197221  0.21977754 0.21970767
 0.2193941  0.21951105 0.2197378  0.22009976 0.2206521  0.22101152
 0.22135714 0.22192132 0.22214651 0.22225519 0.22211996 0.22177713
 0.21989313 0.21871719 0.2177918  0.21721734 0.21652237 0.21629511
 0.21515125 0.21573639 0.21522897 0.21483845 0.21478908 0.21411395
 0.21408887 0.21480878 0.21526729 0.21642144 0.21685342 0.21820949
 0.21861328 0.21843283 0.21907407 0.21863508 0.2184917  0.21768224
 0.21666406 0.21473785 0.21432306 0.21327302 0.21293916 0.21228269
 0.21206903 0.21184991 0.21137674 0.21119136 0.21105014 0.2111865
 0.2116219  0.21134189 0.21201658 0.21214795 0.21283425 0.21363784
 0.2133249  0.21364307 0.2135403  0.21342245 0.21260358 0.21156478
 0.21124226 0.2093899  0.21021989 0.20907846 0.20913753 0.20927556
 0.20919901 0.20804141 0.20839407 0.20789486 0.20728876 0.20708863
 0.20736347 0.20761126 0.20795506 0.20795716 0.20836063 0.20929994
 0.21036778 0.210437   0.21022044 0.20930846 0.20915212 0.2087243
 0.2077919  0.20637125 0.2056315  0.20448934 0.20403767 0.2031484
 0.2030257  0.20258455 0.20254336 0.20240192 0.20242658 0.20251738
 0.2023837  0.20234299 0.20236802 0.20261297 0.2031294  0.20402616
 0.20406254 0.204212   0.20476404 0.2045723  0.20419    0.20275928
 0.201877   0.20138556 0.20021911 0.19996694 0.19965291 0.19812152
 0.1973395  0.19715351 0.19631739 0.19678724 0.19729894 0.19682863
 0.19650562 0.19630918 0.19637267 0.1974877  0.19777845 0.19817774
 0.19922954 0.19876413 0.19986135 0.19901142 0.19951816 0.1983935
 0.19743438 0.19625182 0.19632947 0.19484836 0.19431245 0.1922119
 0.19205557 0.19231054 0.1923978  0.19253398 0.19261816 0.19198568
 0.19226901 0.19218329 0.19269373 0.1941392  0.19590047 0.19610456
 0.19683705 0.19779275 0.19796498 0.19877253 0.19777584 0.19652857
 0.1945268  0.19148111 0.1919885  0.19186036 0.19019496 0.189414
 0.18846487 0.18931699 0.18963166 0.19012754 0.18955927 0.18992005
 0.19029208 0.19110042 0.19158144 0.19163875 0.191788   0.19206391
 0.19313182 0.19405805 0.19479147 0.19449909 0.19405548 0.193884
 0.19151554 0.19009103 0.18933597 0.1864281  0.1847282  0.18336691
 0.18257762 0.18301116 0.18236674 0.18284602 0.18351215 0.18348907
 0.18327501 0.18422571 0.18441129 0.18479076 0.18491001 0.18576948
 0.18528707 0.18588307 0.18631011 0.18657266 0.18541214 0.18287286
 0.18269975 0.18060625 0.1795187  0.17752106 0.17644997 0.17573588
 0.1755383  0.17626074 0.17567328 0.17561029 0.17553036 0.17501399
 0.17480485 0.17505826 0.17496791 0.1754587  0.17549114 0.1762754
 0.17645738 0.17630373 0.17564954 0.17512555 0.17536621 0.17404461
 0.17199408 0.17211652 0.17132553 0.17093204 0.17049745 0.16892429
 0.16712062 0.16724361 0.16711892 0.16626285 0.16617694 0.16584045
 0.1656851  0.16435754 0.16595875 0.16662027 0.1673623  0.16767314
 0.16704914 0.16741732 0.16782476 0.16698538 0.16653843 0.16552049
 0.16495344 0.16271877 0.16148648 0.15982594 0.15778266 0.15600453
 0.15533067 0.15578477 0.15530974 0.15537186 0.15574762 0.15568861
 0.1551072  0.15567765 0.1559589  0.15600862 0.15671739 0.15683694
 0.15805446 0.15819182 0.15862066 0.1593001  0.15971944 0.1580129
 0.15553491 0.15430665 0.153132   0.15271871 0.1517631  0.15100782
 0.15024833 0.15025993 0.15043159 0.1502005  0.15042047 0.14977595
 0.14947125 0.14931396 0.15052801 0.15109988 0.15236948 0.15272677
 0.15329587 0.15467009 0.15454663 0.15452237 0.15550685 0.15403302
 0.15388674 0.15283287 0.1516456  0.15113802 0.14997925 0.1484609
 0.14728121 0.14734337 0.14806044 0.14821866 0.14845486 0.14799114
 0.14848886 0.14787321 0.14870504 0.14983235 0.15041153 0.15039696
 0.15050119 0.15074791 0.15098114 0.15011756 0.15107507 0.15016027
 0.14894475 0.1475716  0.1465029  0.1448669  0.14465742 0.144054
 0.14308707 0.14411432 0.14406644 0.14358553 0.1434016  0.14305615
 0.14349107 0.14358512 0.14434218 0.14552926 0.14667718 0.14675885
 0.14752659 0.14830117 0.14871505 0.14848648 0.14976572 0.14884111
 0.14778624 0.14666001 0.14588971 0.14580123 0.14476608 0.14372383
 0.14355361 0.14385644 0.1443583  0.14364469 0.14481452 0.14432961
 0.1447805  0.14516324 0.14554621 0.14626026 0.14711723 0.1475837
 0.14817105 0.14940676 0.1498428  0.14894679 0.1510427  0.15161745
 0.15131918 0.14964093 0.14715825 0.14725548 0.14620426 0.14521192
 0.14434426 0.14461724 0.14421494 0.14439936 0.14480849 0.14421782
 0.14382459 0.14509566 0.14647017 0.14703918 0.14811715 0.14883979
 0.14992745 0.15063399 0.15162288 0.15192558 0.1535655  0.15210584
 0.15075979 0.15008582 0.14969411 0.148126   0.14689557 0.1453047
 0.14444228 0.14381272 0.14375094 0.14326292 0.14334066 0.14332093
 0.14311942 0.14346562 0.14413628 0.14540607 0.14676163 0.14802411
 0.14897497 0.14997897 0.1505697  0.15073358 0.15112984 0.15112314
 0.1514621  0.14887476 0.14732768 0.14551513 0.14382814 0.14243445
 0.14106031 0.14084266 0.14056374 0.14059377 0.14048254 0.14036685
 0.14064997 0.14096375 0.14275616 0.14383084 0.14460665 0.14625405
 0.14827819 0.14975455 0.14975333 0.15003194 0.15026031 0.15091555
 0.15020561 0.14775705 0.14741187 0.14707081 0.1461075  0.14460722
 0.14342149 0.14292072 0.14295034 0.14228956 0.14214753 0.14266664
 0.14340478 0.14389953 0.14494364 0.14622162 0.14840882 0.14924958
 0.15018858 0.15166794 0.15201248 0.15288667 0.15339117 0.1533907
 0.15388368 0.15201502 0.15178351 0.15055047 0.14966103 0.1486071
 0.14816923 0.14754105 0.14773649]

Electricity_336_96_DLinear_custom_ftM_sl336_ll48_pl96_dm512_nh8_el2_dl1_df2048_fc1_ebtimeF_dtTrue_Exp_0  
mse:0.40692222118377686, mae:0.4342709481716156, rse:0.581794261932373, corr:[0.34457716 0.3418     0.33979115 0.33832592 0.3370452  0.33618376
 0.33423167 0.3331355  0.33438808 0.33481514 0.3343587  0.33464026
 0.33410183 0.3336535  0.33291984 0.33271784 0.33291727 0.33359635
 0.3334874  0.33353204 0.3330558  0.3325623  0.33185738 0.33122456
 0.33002234 0.32903332 0.32822546 0.3283426  0.32729343 0.3270306
 0.32659006 0.3267708  0.3266723  0.32751063 0.327538   0.32757616
 0.32736766 0.32726458 0.32660636 0.3255948  0.3254182  0.32561377
 0.3255724  0.3255707  0.32457468 0.32378447 0.32296646 0.32183218
 0.32026675 0.3192819  0.3183679  0.31753436 0.31730446 0.31670657
 0.3169151  0.3174032  0.31853396 0.31888074 0.31858423 0.31825495
 0.31816873 0.3175465  0.3176672  0.31722087 0.31684965 0.31719252
 0.31731188 0.31672662 0.3168912  0.31627613 0.31527144 0.31517833
 0.31460127 0.31363127 0.3132762  0.3129931  0.31239617 0.31201795
 0.3116301  0.31147787 0.31198257 0.3122601  0.31224918 0.31177807
 0.31125063 0.3105349  0.3101576  0.30953738 0.30921066 0.3098838
 0.31067437 0.31084487 0.31068906 0.3102585  0.30987427 0.30892116]

Electricity_336_192_DLinear_custom_ftM_sl336_ll48_pl192_dm512_nh8_el2_dl1_df2048_fc1_ebtimeF_dtTrue_Exp_0  
mse:0.4590742588043213, mae:0.4749438762664795, rse:0.6189176440238953, corr:[0.3401845  0.3372533  0.3347242  0.33254474 0.3318772  0.3311979
 0.3297228  0.3287297  0.3288731  0.32897615 0.3289401  0.3287512
 0.32889846 0.32881865 0.32843065 0.32817167 0.32895163 0.32910517
 0.3292771  0.3292177  0.3286561  0.32797638 0.32714903 0.32688144
 0.32610416 0.3248184  0.32369334 0.32321835 0.32246447 0.32200694
 0.32152033 0.3213335  0.3210668  0.32140666 0.32164997 0.32224947
 0.3218727  0.32123527 0.32106364 0.320644   0.320783   0.321108
 0.32111624 0.3209856  0.32040575 0.31992388 0.31895575 0.31823778
 0.31710047 0.31507757 0.3137538  0.31227133 0.3122069  0.3114279
 0.3112795  0.31122458 0.3119293  0.31238607 0.31274003 0.31247273
 0.3124719  0.3121977  0.3123117  0.31210518 0.31220642 0.31236088
 0.31197643 0.31169292 0.31138837 0.31045577 0.30972812 0.30962774
 0.3090885  0.30787706 0.30720097 0.3064088  0.3058166  0.30529827
 0.30488434 0.30489817 0.3051367  0.30529204 0.30503252 0.30501634
 0.30441037 0.30382386 0.30347148 0.30312714 0.303266   0.30394822
 0.3036775  0.30380377 0.3037797  0.30362216 0.302468   0.3022772
 0.30194187 0.30203196 0.3012349  0.2999965  0.29952243 0.2991316
 0.29866475 0.29831335 0.29926857 0.29940352 0.29919994 0.2989781
 0.29924938 0.298998   0.2985399  0.29873797 0.2988054  0.2992079
 0.299168   0.29942143 0.2989508  0.29878798 0.29824963 0.2982696
 0.29757935 0.29662433 0.29530773 0.29519033 0.29520312 0.29484966
 0.29527745 0.2942653  0.2942887  0.29495397 0.29476404 0.29465395
 0.29506636 0.2945165  0.29487357 0.29448462 0.29463708 0.29441974
 0.29457158 0.2944325  0.29433766 0.29400605 0.29360545 0.29279634
 0.29242888 0.29140282 0.29078752 0.2907797  0.29056728 0.29040524
 0.2898178  0.289578   0.28977048 0.29009017 0.28951856 0.28940368
 0.28914854 0.2889069  0.28879222 0.28873798 0.28922254 0.2891096
 0.28892666 0.2893507  0.2891745  0.28913656 0.28900337 0.28815064
 0.28731814 0.28666127 0.28582653 0.28501055 0.28540498 0.2849274
 0.28456813 0.2846118  0.285153   0.28594124 0.28574172 0.2855346
 0.28538027 0.28439546 0.28392443 0.28437686 0.28494197 0.2846888
 0.2847561  0.28495142 0.28510416 0.2848456  0.28390202 0.2837942 ]

Electricity_336_336_DLinear_custom_ftM_sl336_ll48_pl336_dm512_nh8_el2_dl1_df2048_fc1_ebtimeF_dtTrue_Exp_0  
mse:0.5182114839553833, mae:0.5174387097358704, rse:0.6590140461921692, corr:[0.33048442 0.3276151  0.32550788 0.32365158 0.3224624  0.3217736
 0.3207949  0.3198404  0.3197864  0.3200025  0.31997067 0.32059154
 0.31995004 0.3198521  0.3196008  0.31934077 0.3193105  0.3195056
 0.31952414 0.31964648 0.31912166 0.3189177  0.3184432  0.3181721
 0.316911   0.31569788 0.31543827 0.31465515 0.3137527  0.31338146
 0.31323916 0.31260985 0.3125541  0.31350788 0.3138565  0.31400394
 0.3140744  0.31399107 0.3140369  0.31363463 0.31329724 0.3133357
 0.31303775 0.31265584 0.31178558 0.3113432  0.31089994 0.31088468
 0.30861497 0.30736867 0.3061473  0.30537522 0.30448475 0.30447003
 0.30434805 0.3051135  0.30574936 0.30568135 0.3051788  0.3052737
 0.30501208 0.30394727 0.30348843 0.30315948 0.3028507  0.30289316
 0.3028529  0.3023798  0.302343   0.30179235 0.30170816 0.3024454
 0.3014747  0.3004861  0.29937044 0.2986928  0.2974867  0.29679203
 0.29632676 0.2965007  0.296704   0.2964364  0.29650143 0.29652193
 0.29619434 0.2959705  0.29607248 0.2956993  0.29536068 0.29648727
 0.2966386  0.2970799  0.29665905 0.29575154 0.2957725  0.29506117
 0.29473537 0.29449585 0.2942989  0.29317257 0.29240924 0.29163638
 0.2913781  0.2920283  0.292243   0.29221162 0.29270676 0.29265437
 0.29282576 0.29196054 0.29134884 0.29122922 0.29164204 0.2920243
 0.29236165 0.29196274 0.29154932 0.29200238 0.29210797 0.29187712
 0.29115972 0.29027748 0.28929564 0.28868973 0.28833804 0.2879283
 0.28713349 0.28727368 0.2873718  0.28812495 0.28780356 0.28754663
 0.28738114 0.2874585  0.28688818 0.28622797 0.28681058 0.28700593
 0.2870012  0.28715652 0.28589532 0.2858009  0.28542948 0.28507018
 0.2839369  0.2828375  0.28350282 0.28241247 0.2828559  0.2827247
 0.28163096 0.28158098 0.28247905 0.2818378  0.28177705 0.28143147
 0.28129447 0.28147852 0.2807953  0.28161505 0.28185883 0.28206408
 0.2821109  0.28170878 0.28153685 0.28153512 0.28086594 0.28021854
 0.278975   0.27770334 0.2771978  0.2767315  0.27606305 0.27528784
 0.2756097  0.27573594 0.27553794 0.2759057  0.27597    0.27626473
 0.27590668 0.27575427 0.2756608  0.2760684  0.2753868  0.27552155
 0.27586123 0.2763212  0.27573046 0.27430934 0.2737511  0.27260423
 0.27237138 0.27158037 0.27106553 0.2705492  0.27041596 0.26982096
 0.269561   0.26940304 0.26929444 0.26862714 0.2685705  0.26864734
 0.26925603 0.2693349  0.26909393 0.2701707  0.2706014  0.27040225
 0.2709933  0.27081624 0.27001953 0.26968947 0.27021053 0.26823953
 0.26803982 0.26682457 0.2661925  0.26624984 0.26480535 0.2651135
 0.26327935 0.2634022  0.2625682  0.2638222  0.26340586 0.2635588
 0.2644403  0.26448008 0.264148   0.26425543 0.26389232 0.2639732
 0.26393032 0.2636163  0.26247662 0.26313207 0.26312944 0.26277843
 0.2619053  0.2603066  0.25957742 0.25970322 0.25853083 0.25771686
 0.25794953 0.25750834 0.25688505 0.25638363 0.25641906 0.25739545
 0.25782293 0.25729248 0.25886813 0.2595599  0.26015645 0.2604011
 0.26101285 0.25996208 0.2595541  0.2588257  0.2596152  0.25855514
 0.25738674 0.25671595 0.25675663 0.2554931  0.25464588 0.2547941
 0.2535801  0.25386578 0.25469163 0.25366345 0.25330016 0.25366887
 0.25508764 0.2546924  0.25639054 0.25574598 0.25696534 0.2574404
 0.257878   0.25589558 0.25484747 0.25466338 0.25481078 0.25427553
 0.2552982  0.25350818 0.25213614 0.2520073  0.2509723  0.2506427
 0.25154373 0.25128996 0.25215647 0.25146475 0.25040913 0.2502219
 0.2505484  0.25121424 0.2506511  0.25098643 0.25129086 0.2525646
 0.25309092 0.25201294 0.25183842 0.25102726 0.25140187 0.25050715
 0.24951686 0.2491595  0.24864896 0.24759777 0.24764363 0.24748275
 0.24796945 0.24985743 0.25011873 0.24847013 0.24923734 0.24871969
 0.24999435 0.24936984 0.24868669 0.250548   0.24997807 0.25060567
 0.2508943  0.2497446  0.24996725 0.24858859 0.24735811 0.246292  ]

Electricity_336_96_DLinear_custom_ftM_sl336_ll48_pl96_dm512_nh8_el2_dl1_df2048_fc1_ebtimeF_dtTrue_Exp_0  
mse:0.40692222118377686, mae:0.4342709481716156, rse:0.581794261932373, corr:[0.34457716 0.3418     0.33979115 0.33832592 0.3370452  0.33618376
 0.33423167 0.3331355  0.33438808 0.33481514 0.3343587  0.33464026
 0.33410183 0.3336535  0.33291984 0.33271784 0.33291727 0.33359635
 0.3334874  0.33353204 0.3330558  0.3325623  0.33185738 0.33122456
 0.33002234 0.32903332 0.32822546 0.3283426  0.32729343 0.3270306
 0.32659006 0.3267708  0.3266723  0.32751063 0.327538   0.32757616
 0.32736766 0.32726458 0.32660636 0.3255948  0.3254182  0.32561377
 0.3255724  0.3255707  0.32457468 0.32378447 0.32296646 0.32183218
 0.32026675 0.3192819  0.3183679  0.31753436 0.31730446 0.31670657
 0.3169151  0.3174032  0.31853396 0.31888074 0.31858423 0.31825495
 0.31816873 0.3175465  0.3176672  0.31722087 0.31684965 0.31719252
 0.31731188 0.31672662 0.3168912  0.31627613 0.31527144 0.31517833
 0.31460127 0.31363127 0.3132762  0.3129931  0.31239617 0.31201795
 0.3116301  0.31147787 0.31198257 0.3122601  0.31224918 0.31177807
 0.31125063 0.3105349  0.3101576  0.30953738 0.30921066 0.3098838
 0.31067437 0.31084487 0.31068906 0.3102585  0.30987427 0.30892116]

Electricity_336_192_DLinear_custom_ftM_sl336_ll48_pl192_dm512_nh8_el2_dl1_df2048_fc1_ebtimeF_dtTrue_Exp_0  
mse:0.4590742588043213, mae:0.4749438762664795, rse:0.6189176440238953, corr:[0.3401845  0.3372533  0.3347242  0.33254474 0.3318772  0.3311979
 0.3297228  0.3287297  0.3288731  0.32897615 0.3289401  0.3287512
 0.32889846 0.32881865 0.32843065 0.32817167 0.32895163 0.32910517
 0.3292771  0.3292177  0.3286561  0.32797638 0.32714903 0.32688144
 0.32610416 0.3248184  0.32369334 0.32321835 0.32246447 0.32200694
 0.32152033 0.3213335  0.3210668  0.32140666 0.32164997 0.32224947
 0.3218727  0.32123527 0.32106364 0.320644   0.320783   0.321108
 0.32111624 0.3209856  0.32040575 0.31992388 0.31895575 0.31823778
 0.31710047 0.31507757 0.3137538  0.31227133 0.3122069  0.3114279
 0.3112795  0.31122458 0.3119293  0.31238607 0.31274003 0.31247273
 0.3124719  0.3121977  0.3123117  0.31210518 0.31220642 0.31236088
 0.31197643 0.31169292 0.31138837 0.31045577 0.30972812 0.30962774
 0.3090885  0.30787706 0.30720097 0.3064088  0.3058166  0.30529827
 0.30488434 0.30489817 0.3051367  0.30529204 0.30503252 0.30501634
 0.30441037 0.30382386 0.30347148 0.30312714 0.303266   0.30394822
 0.3036775  0.30380377 0.3037797  0.30362216 0.302468   0.3022772
 0.30194187 0.30203196 0.3012349  0.2999965  0.29952243 0.2991316
 0.29866475 0.29831335 0.29926857 0.29940352 0.29919994 0.2989781
 0.29924938 0.298998   0.2985399  0.29873797 0.2988054  0.2992079
 0.299168   0.29942143 0.2989508  0.29878798 0.29824963 0.2982696
 0.29757935 0.29662433 0.29530773 0.29519033 0.29520312 0.29484966
 0.29527745 0.2942653  0.2942887  0.29495397 0.29476404 0.29465395
 0.29506636 0.2945165  0.29487357 0.29448462 0.29463708 0.29441974
 0.29457158 0.2944325  0.29433766 0.29400605 0.29360545 0.29279634
 0.29242888 0.29140282 0.29078752 0.2907797  0.29056728 0.29040524
 0.2898178  0.289578   0.28977048 0.29009017 0.28951856 0.28940368
 0.28914854 0.2889069  0.28879222 0.28873798 0.28922254 0.2891096
 0.28892666 0.2893507  0.2891745  0.28913656 0.28900337 0.28815064
 0.28731814 0.28666127 0.28582653 0.28501055 0.28540498 0.2849274
 0.28456813 0.2846118  0.285153   0.28594124 0.28574172 0.2855346
 0.28538027 0.28439546 0.28392443 0.28437686 0.28494197 0.2846888
 0.2847561  0.28495142 0.28510416 0.2848456  0.28390202 0.2837942 ]

Electricity_336_96_DLinear_custom_ftM_sl336_ll48_pl96_dm512_nh8_el2_dl1_df2048_fc1_ebtimeF_dtTrue_Exp_0  
mse:0.40652215480804443, mae:0.4337236285209656, rse:0.5815081596374512, corr:[0.34471107 0.34190002 0.3398223  0.33803734 0.33704552 0.33606276
 0.33465445 0.33349922 0.3340292  0.3343943  0.3341467  0.33418477
 0.3338983  0.33368355 0.3332439  0.33299938 0.33347237 0.33396932
 0.33421394 0.33374158 0.3334322  0.3328198  0.332181   0.3319651
 0.330862   0.32978    0.3291637  0.32867348 0.32799986 0.32756585
 0.3270321  0.3267581  0.32658023 0.32719114 0.32727283 0.32745394
 0.32726595 0.32725558 0.32689697 0.3264407  0.32617557 0.32616633
 0.32600337 0.32562998 0.32518446 0.3245107  0.32376647 0.32288447
 0.32124048 0.32007086 0.31881306 0.31781113 0.31755435 0.31676286
 0.31699276 0.31728375 0.31796366 0.3179407  0.317878   0.318017
 0.31796843 0.31754076 0.317614   0.31737518 0.3170217  0.31723008
 0.31707492 0.31683177 0.31672257 0.31612656 0.3156911  0.31533936
 0.31457832 0.31366223 0.31290415 0.31233677 0.31149295 0.3111005
 0.31081757 0.31052682 0.31103212 0.3113617  0.31107515 0.3110942
 0.3107665  0.3102808  0.3100644  0.3097103  0.30955157 0.30976138
 0.31007662 0.3101827  0.31022885 0.31007206 0.30964947 0.30901062]

Electricity_336_96_Linear_custom_ftM_sl336_ll48_pl96_dm512_nh8_el2_dl1_df2048_fc1_ebtimeF_dtTrue_Exp_0  
mse:0.40745729207992554, mae:0.43515053391456604, rse:0.5821766257286072, corr:[0.3453702  0.3422487  0.33985156 0.3381656  0.3369876  0.33595568
 0.33473533 0.3337821  0.3341439  0.33443686 0.3339631  0.33381855
 0.33373386 0.33347315 0.33328757 0.33324146 0.33372217 0.33401054
 0.3342809  0.3336787  0.33351466 0.33289817 0.3321381  0.33172095
 0.33039868 0.32978705 0.32876483 0.3281525  0.32745308 0.32701397
 0.3264408  0.3265357  0.32664275 0.32687014 0.32706255 0.32707617
 0.32687706 0.32663727 0.32662815 0.3262026  0.32630557 0.32610613
 0.32580933 0.32553095 0.324737   0.3240596  0.3231504  0.3226942
 0.32133994 0.3197252  0.31857497 0.31773695 0.31732118 0.31673744
 0.31637052 0.31727305 0.31769684 0.3177779  0.31773898 0.31769505
 0.31759092 0.3173615  0.3173595  0.31724086 0.31679463 0.3169792
 0.3166442  0.31703472 0.31643865 0.3159296  0.31534076 0.3151002
 0.3139095  0.31276563 0.31242567 0.3117696  0.3110544  0.31072766
 0.31026134 0.3102451  0.31086367 0.3110312  0.31039548 0.3103118
 0.3103013  0.309818   0.3093576  0.30957302 0.3094869  0.3095417
 0.30993798 0.30988955 0.3097184  0.3095586  0.3090915  0.30889118]

Electricity_336_96_Linear_custom_ftM_sl336_ll48_pl96_dm512_nh8_el2_dl1_df2048_fc1_ebtimeF_dtTrue_Exp_0  
mse:0.40646401047706604, mae:0.4340934157371521, rse:0.5814666152000427, corr:[0.3451815  0.34217814 0.33978328 0.33815086 0.33715075 0.33615607
 0.33476824 0.33377215 0.3341848  0.33455852 0.334285   0.33411643
 0.33397394 0.33373412 0.33341333 0.33318013 0.33378723 0.33412373
 0.3343645  0.33380145 0.3335145  0.33292893 0.3322197  0.33188403
 0.33058158 0.32995066 0.32909673 0.32851067 0.3277881  0.32727253
 0.32672217 0.32675898 0.32680416 0.32711935 0.32725337 0.327314
 0.32713017 0.3269415  0.3268723  0.3263967  0.32638952 0.32641232
 0.3261909  0.32583973 0.325015   0.3244205  0.3233772  0.3228725
 0.32138556 0.31999373 0.3187258  0.3178742  0.3175743  0.31691352
 0.31661084 0.31733736 0.31793654 0.31795594 0.3179061  0.3178026
 0.31775814 0.31750566 0.31752348 0.31736138 0.31712177 0.31723318
 0.3169179  0.31717858 0.31666034 0.31610295 0.31548944 0.31521592
 0.31410748 0.31306198 0.3126089  0.31203493 0.31126505 0.31097254
 0.31059006 0.3105758  0.3109447  0.31129596 0.31071666 0.31061438
 0.3104992  0.31017664 0.30969638 0.30977726 0.30970564 0.30972904
 0.31009468 0.3100999  0.31001887 0.30977315 0.30921847 0.30898085]

Electricity_336_96_Linear_custom_ftM_sl336_ll48_pl96_dm512_nh8_el2_dl1_df2048_fc1_ebtimeF_dtTrue_Exp_0  
mse:0.40622085332870483, mae:0.4337407052516937, rse:0.5812926292419434, corr:[0.34501186 0.34204033 0.33970994 0.33813393 0.33704734 0.33615306
 0.33477148 0.3338437  0.33425242 0.3345123  0.3343528  0.33427516
 0.33402622 0.33380944 0.3333967  0.3330995  0.33367744 0.334002
 0.3344353  0.3339287  0.33364832 0.33293337 0.33216846 0.3318648
 0.33076203 0.32999912 0.32908827 0.3285697  0.32788268 0.32744452
 0.32702625 0.32688498 0.3267941  0.3271827  0.3272336  0.32741684
 0.32714516 0.32698765 0.32694864 0.32653046 0.32644406 0.3264606
 0.32640097 0.32587165 0.32519552 0.32455328 0.32348448 0.3229279
 0.32131183 0.32004082 0.31877244 0.31790566 0.3177303  0.3170245
 0.3168918  0.31730077 0.31791472 0.31788173 0.3179125  0.31789616
 0.31789458 0.3176156  0.31766346 0.3174127  0.31712994 0.3171931
 0.31694767 0.31714138 0.31683803 0.31631947 0.3155734  0.31524494
 0.314273   0.3131824  0.31256184 0.31204602 0.3113336  0.31096178
 0.31067273 0.31073436 0.31104815 0.3114898  0.3109703  0.31071934
 0.3106329  0.31021118 0.30974007 0.3097128  0.30972165 0.3098352
 0.31013837 0.3101129  0.31022248 0.30994144 0.30917484 0.30888307]

Electricity_336_96_Linear_custom_ftMS_sl336_ll48_pl96_dm512_nh8_el2_dl1_df2048_fc1_ebtimeF_dtTrue_Exp_0  
mse:0.09100446850061417, mae:0.23287080228328705, rse:0.7332447171211243, corr:[0.38359192 0.38424507 0.38471943 0.38324207 0.3822538  0.38044494
 0.37941456 0.37774768 0.37683758 0.37579647 0.37478462 0.37393492
 0.37352332 0.3721971  0.37105122 0.36978018 0.36920303 0.3685428
 0.36760566 0.36671892 0.3663924  0.3656997  0.36534426 0.36478367
 0.36419296 0.36359125 0.36219427 0.3605405  0.35878938 0.3571404
 0.35527033 0.35368332 0.35175493 0.34961572 0.3476854  0.3459401
 0.34443364 0.34284058 0.34140795 0.33959478 0.33875713 0.33685896
 0.33588114 0.33447143 0.33342955 0.33221316 0.33084604 0.3297624
 0.3286299  0.32785797 0.32704192 0.32609943 0.32569072 0.32507274
 0.32476893 0.32423797 0.32360896 0.323062   0.32230642 0.3215366
 0.32151112 0.321406   0.32121405 0.32093826 0.3203284  0.31987906
 0.31926692 0.31892103 0.3180986  0.31796607 0.31725973 0.31677756
 0.315743   0.31546834 0.31509247 0.31485093 0.3144595  0.3136681
 0.3135921  0.31297165 0.31260678 0.31215695 0.31207934 0.31195027
 0.3114919  0.3112357  0.31012833 0.30985335 0.3096691  0.3089835
 0.30830458 0.30752304 0.30680332 0.307245   0.30683428 0.30655247]

Electricity_336_96_Linear_custom_ftMS_sl336_ll48_pl96_dm512_nh8_el2_dl1_df2048_fc1_ebtimeF_dtTrue_Exp_0  
mse:0.09100446850061417, mae:0.23287080228328705, rse:0.7332447171211243, corr:[0.38359192 0.38424507 0.38471943 0.38324207 0.3822538  0.38044494
 0.37941456 0.37774768 0.37683758 0.37579647 0.37478462 0.37393492
 0.37352332 0.3721971  0.37105122 0.36978018 0.36920303 0.3685428
 0.36760566 0.36671892 0.3663924  0.3656997  0.36534426 0.36478367
 0.36419296 0.36359125 0.36219427 0.3605405  0.35878938 0.3571404
 0.35527033 0.35368332 0.35175493 0.34961572 0.3476854  0.3459401
 0.34443364 0.34284058 0.34140795 0.33959478 0.33875713 0.33685896
 0.33588114 0.33447143 0.33342955 0.33221316 0.33084604 0.3297624
 0.3286299  0.32785797 0.32704192 0.32609943 0.32569072 0.32507274
 0.32476893 0.32423797 0.32360896 0.323062   0.32230642 0.3215366
 0.32151112 0.321406   0.32121405 0.32093826 0.3203284  0.31987906
 0.31926692 0.31892103 0.3180986  0.31796607 0.31725973 0.31677756
 0.315743   0.31546834 0.31509247 0.31485093 0.3144595  0.3136681
 0.3135921  0.31297165 0.31260678 0.31215695 0.31207934 0.31195027
 0.3114919  0.3112357  0.31012833 0.30985335 0.3096691  0.3089835
 0.30830458 0.30752304 0.30680332 0.307245   0.30683428 0.30655247]

Electricity_336_96_Linear_custom_ftMS_sl336_ll48_pl96_dm512_nh8_el2_dl1_df2048_fc1_ebtimeF_dtTrue_Exp_0  
mse:0.09100446850061417, mae:0.23287080228328705, rse:0.7332447171211243, corr:[0.38359192 0.38424507 0.38471943 0.38324207 0.3822538  0.38044494
 0.37941456 0.37774768 0.37683758 0.37579647 0.37478462 0.37393492
 0.37352332 0.3721971  0.37105122 0.36978018 0.36920303 0.3685428
 0.36760566 0.36671892 0.3663924  0.3656997  0.36534426 0.36478367
 0.36419296 0.36359125 0.36219427 0.3605405  0.35878938 0.3571404
 0.35527033 0.35368332 0.35175493 0.34961572 0.3476854  0.3459401
 0.34443364 0.34284058 0.34140795 0.33959478 0.33875713 0.33685896
 0.33588114 0.33447143 0.33342955 0.33221316 0.33084604 0.3297624
 0.3286299  0.32785797 0.32704192 0.32609943 0.32569072 0.32507274
 0.32476893 0.32423797 0.32360896 0.323062   0.32230642 0.3215366
 0.32151112 0.321406   0.32121405 0.32093826 0.3203284  0.31987906
 0.31926692 0.31892103 0.3180986  0.31796607 0.31725973 0.31677756
 0.315743   0.31546834 0.31509247 0.31485093 0.3144595  0.3136681
 0.3135921  0.31297165 0.31260678 0.31215695 0.31207934 0.31195027
 0.3114919  0.3112357  0.31012833 0.30985335 0.3096691  0.3089835
 0.30830458 0.30752304 0.30680332 0.307245   0.30683428 0.30655247]

Electricity_336_96_Linear_custom_ftMS_sl336_ll48_pl96_dm512_nh8_el2_dl1_df2048_fc1_ebtimeF_dtTrue_Exp_0  
mse:0.09450492262840271, mae:0.23789413273334503, rse:0.7472136616706848, corr:[0.38344103 0.38408306 0.3840101  0.38440832 0.38341105 0.38165665
 0.38008186 0.37974867 0.37789133 0.376487   0.37587723 0.37433672
 0.37398964 0.37281838 0.37200424 0.3705953  0.37017435 0.3696239
 0.36861724 0.36784205 0.36768898 0.36729994 0.36626434 0.3657022
 0.36533117 0.3645554  0.3630561  0.36169377 0.35975143 0.35829467
 0.3559911  0.3542031  0.35222533 0.34967402 0.34793478 0.34652153
 0.34493178 0.3429886  0.34148923 0.33999437 0.3389535  0.33710712
 0.33596015 0.3343473  0.33305323 0.33256006 0.33046436 0.32918346
 0.3280782  0.32751438 0.3263459  0.3258144  0.32523006 0.32421622
 0.3237546  0.32309598 0.32242173 0.32190922 0.3209606  0.32096225
 0.320687   0.32052195 0.32045588 0.31987804 0.31921    0.3195533
 0.31934077 0.31970173 0.31883302 0.3184449  0.3175269  0.31692362
 0.31623843 0.31618324 0.3152318  0.31493056 0.31471318 0.31427076
 0.3144929  0.31404978 0.31307113 0.31329262 0.3130024  0.31364262
 0.3126459  0.31236288 0.31164807 0.31136218 0.31005657 0.30975416
 0.30928576 0.30869865 0.30864096 0.30891737 0.30871832 0.307752  ]

Turbine_Data_336_96_Linear_custom_ftMS_sl336_ll48_pl96_dm512_nh8_el2_dl1_df2048_fc1_ebtimeF_dtTrue_Exp_0  
mse:0.21636055409908295, mae:0.36093753576278687, rse:0.7449402809143066, corr:[1.0085642  1.0016015  0.9937013  0.9858511  0.9775419  0.9683206
 0.96004474 0.9517734  0.9452782  0.93752277 0.93058467 0.9240324
 0.9173912  0.9106137  0.90563023 0.90109915 0.8954419  0.8908703
 0.8869848  0.8800319  0.875656   0.8711977  0.86881584 0.86442274
 0.8583196  0.85777265 0.85415596 0.8519514  0.8452069  0.8443885
 0.8402145  0.8375661  0.83608407 0.8330074  0.82938695 0.8240706
 0.81909156 0.81481034 0.81182605 0.80750585 0.8032105  0.801522
 0.7978838  0.7962383  0.78805166 0.78874457 0.78666335 0.78570545
 0.7858465  0.7845793  0.77954865 0.7800631  0.77815586 0.7767209
 0.7756048  0.7737785  0.77462995 0.76994365 0.7728297  0.7709677
 0.7672248  0.7649054  0.77057195 0.77242094 0.7733541  0.7702904
 0.7710372  0.7729291  0.77193695 0.7715002  0.7756855  0.7730623
 0.7693766  0.7664156  0.76899785 0.7671856  0.76383483 0.7632597
 0.76444954 0.7645583  0.771582   0.77212507 0.77067494 0.7725273
 0.771256   0.7697278  0.7719805  0.7732567  0.7736909  0.770477
 0.7727492  0.7742825  0.77872926 0.7792898  0.7806689  0.7793437 ]

Turbine_Data_336_96_Linear_custom_ftMS_sl336_ll48_pl96_dm512_nh8_el2_dl1_df2048_fc1_ebtimeF_dtTrue_Exp_0  
mse:0.21656978130340576, mae:0.36068886518478394, rse:0.7453003525733948, corr:[1.0091052  1.0020369  0.99415714 0.9866748  0.9781522  0.9690847
 0.96096617 0.9527836  0.94584674 0.93823993 0.9300827  0.9241557
 0.9166352  0.91032    0.90471685 0.8995445  0.8936986  0.8897692
 0.88469994 0.87816113 0.87424564 0.86923444 0.8666247  0.8615723
 0.85573894 0.8541791  0.850591   0.84558475 0.8397281  0.8396996
 0.8349749  0.8321656  0.8293702  0.82697856 0.82478833 0.8191857
 0.81433386 0.81212723 0.8094559  0.8047173  0.8019461  0.79970837
 0.79841816 0.79742575 0.79294056 0.78964216 0.7883182  0.7878474
 0.78643996 0.7840068  0.78011566 0.7780203  0.7756223  0.77491647
 0.77045983 0.7704262  0.77169883 0.76607215 0.7651295  0.76756257
 0.7667662  0.76583594 0.7697553  0.77053183 0.7716367  0.7695835
 0.7696363  0.76958436 0.76884526 0.7681717  0.77244186 0.77103776
 0.7675952  0.7661254  0.7671884  0.7673422  0.7655564  0.76455194
 0.7665755  0.76693755 0.7716304  0.77277714 0.7714775  0.7723036
 0.7737801  0.7736187  0.7753225  0.7757954  0.7765238  0.77442
 0.7751184  0.7761463  0.77873176 0.7776845  0.7798902  0.78036976]

Turbine_Data_336_96_Linear_custom_ftMS_sl336_ll48_pl96_dm512_nh8_el2_dl1_df2048_fc1_ebtimeF_dtTrue_Exp_0  
mse:0.21656978130340576, mae:0.36068886518478394, rse:0.7453003525733948, corr:[1.0091052  1.0020369  0.99415725 0.9866748  0.97815204 0.9690845
 0.96096617 0.95278347 0.94584674 0.93824005 0.9300827  0.9241558
 0.9166353  0.91031986 0.9047166  0.8995445  0.89369863 0.8897692
 0.8847     0.87816113 0.87424576 0.8692345  0.86662453 0.8615721
 0.85573894 0.8541791  0.8505912  0.84558463 0.8397281  0.8396996
 0.8349748  0.8321657  0.8293701  0.8269785  0.8247882  0.81918585
 0.8143337  0.8121271  0.809456   0.80471706 0.8019461  0.7997085
 0.79841805 0.7974259  0.7929407  0.78964204 0.78831816 0.7878475
 0.78643996 0.7840068  0.7801158  0.7780206  0.7756225  0.7749165
 0.7704597  0.7704262  0.7716991  0.7660721  0.7651295  0.76756257
 0.76676625 0.7658359  0.76975524 0.77053183 0.7716367  0.7695835
 0.76963645 0.7695844  0.76884544 0.76817185 0.7724419  0.7710379
 0.7675951  0.7661255  0.7671885  0.7673422  0.7655562  0.764552
 0.7665754  0.7669375  0.7716305  0.7727771  0.7714777  0.7723036
 0.77378005 0.7736188  0.77532226 0.7757955  0.77652365 0.77442
 0.77511847 0.77614635 0.7787319  0.77768445 0.7798903  0.78036964]

Turbine_Data_336_729_Linear_custom_ftMS_sl336_ll48_pl729_dm512_nh8_el2_dl1_df2048_fc1_ebtimeF_dtTrue_Exp_0  
mse:0.313218355178833, mae:0.4459647834300995, rse:0.9009701609611511, corr:[0.99228764 0.9849626  0.9765233  0.968646   0.9596594  0.9499946
 0.94105893 0.93101835 0.9222163  0.9143841  0.90769774 0.9003969
 0.8923783  0.88679    0.8807869  0.8732784  0.87008375 0.8641965
 0.8579873  0.8534538  0.84785926 0.84128094 0.83681    0.8291309
 0.823004   0.81921536 0.8172363  0.81568134 0.8095677  0.80351025
 0.80214316 0.7963808  0.79208213 0.7923682  0.78532094 0.78837895
 0.7829443  0.7831084  0.78257966 0.78012466 0.77373964 0.7673991
 0.765207   0.7628147  0.7614817  0.7548052  0.7524007  0.7524985
 0.7481311  0.7477913  0.750366   0.7493437  0.74811506 0.7476167
 0.74457616 0.7432758  0.7412628  0.74324644 0.7425973  0.74187917
 0.7450215  0.7437065  0.7429299  0.7419974  0.7406237  0.7389543
 0.74318707 0.74088246 0.74147457 0.74139875 0.74151826 0.741894
 0.74236566 0.7447191  0.7453875  0.7462003  0.7455344  0.74649674
 0.7444925  0.7478059  0.75091666 0.74989015 0.75172836 0.7518185
 0.75090194 0.75368434 0.7532224  0.75441015 0.7542361  0.754205
 0.7533911  0.75491834 0.7560981  0.7558087  0.75563276 0.75655013
 0.7587808  0.76132154 0.7610008  0.7611039  0.76130766 0.7620062
 0.7652063  0.7641727  0.7645662  0.7649694  0.76320004 0.7648078
 0.7644147  0.76143867 0.7634302  0.76412696 0.76346284 0.76351964
 0.76361793 0.76433575 0.76453626 0.76351273 0.7606273  0.75951004
 0.7604148  0.7609035  0.7596068  0.7592957  0.7597671  0.75698364
 0.7560554  0.7560812  0.7534932  0.7525423  0.75026524 0.7496267
 0.7478151  0.7457148  0.7436543  0.74180984 0.7414789  0.7366094
 0.73725784 0.7369178  0.7378835  0.738796   0.7369723  0.7343539
 0.7294283  0.72653884 0.72464323 0.7177983  0.71506006 0.70950013
 0.70834047 0.7055344  0.70419455 0.6999351  0.69256514 0.6857644
 0.6841813  0.6868341  0.68093187 0.67852867 0.67459965 0.6736189
 0.67319465 0.6710151  0.661294   0.65667915 0.65146375 0.6509178
 0.64755553 0.6505751  0.6509422  0.6476122  0.64276296 0.6373326
 0.63499963 0.6345246  0.6336435  0.6269595  0.6247186  0.62643516
 0.6254723  0.6184302  0.61538273 0.6157866  0.61216855 0.6193939
 0.61738724 0.61094666 0.6112122  0.6087375  0.6012468  0.59780884
 0.60145974 0.59731096 0.59620136 0.5975768  0.59414625 0.5997272
 0.59857655 0.60483396 0.60904187 0.6098871  0.6165759  0.61321354
 0.61383826 0.6107854  0.6134521  0.6166906  0.6198466  0.61876315
 0.6195221  0.6121725  0.61135167 0.6127242  0.61766154 0.6213959
 0.6234618  0.6252507  0.6236569  0.628778   0.63613284 0.63410985
 0.63451463 0.63865817 0.638441   0.640094   0.6370211  0.63845116
 0.64298046 0.6440869  0.6451243  0.64396363 0.6493209  0.654055
 0.65509945 0.6611602  0.6575309  0.65972173 0.6608027  0.66396064
 0.66809833 0.6655509  0.66733074 0.66818166 0.6689709  0.66736585
 0.6672119  0.6664137  0.66520804 0.66281575 0.6641211  0.6669892
 0.66740716 0.6671514  0.6660465  0.6645418  0.66625726 0.66374516
 0.66205466 0.6630969  0.66099286 0.65807074 0.6574171  0.65841544
 0.6552422  0.6543614  0.655259   0.6504566  0.65033364 0.65091884
 0.6488353  0.6519544  0.6509609  0.64924985 0.6458766  0.64688694
 0.64777523 0.64996314 0.64957786 0.6494207  0.6498891  0.6503421
 0.6514401  0.64687    0.6437741  0.6422171  0.63950354 0.63853467
 0.6418471  0.6369564  0.63768667 0.63549656 0.6309305  0.63385916
 0.6293019  0.6207389  0.61402154 0.6106813  0.60721076 0.6070475
 0.60934097 0.6051207  0.60345477 0.59503084 0.58934385 0.5849051
 0.5814606  0.57512146 0.5764126  0.56900555 0.57435864 0.57200646
 0.5738763  0.57226646 0.57173294 0.56712544 0.5715685  0.5660895
 0.55974674 0.5590103  0.55219585 0.5497647  0.54349244 0.5397006
 0.5400416  0.5371692  0.534799   0.5370055  0.5316857  0.5317317
 0.5332222  0.5302465  0.52091026 0.52860326 0.5151005  0.5187889
 0.5078279  0.50543386 0.51178724 0.50786054 0.5087859  0.51189953
 0.5093404  0.5072344  0.51034063 0.5078587  0.5043626  0.5076411
 0.5038827  0.5103579  0.5173487  0.5134855  0.5152362  0.515201
 0.519803   0.52802104 0.5241161  0.52407604 0.52585894 0.5255231
 0.52743244 0.52602226 0.5266972  0.5244307  0.5194356  0.5299126
 0.52834743 0.535812   0.53293175 0.541717   0.5410144  0.5466662
 0.5491069  0.54024667 0.5420399  0.5452572  0.5541815  0.5572457
 0.5572768  0.5636899  0.5665585  0.56786555 0.57044435 0.5750358
 0.57326627 0.56968504 0.5698469  0.5644853  0.5652767  0.5671741
 0.56683224 0.5722613  0.5735036  0.56856114 0.5716002  0.5701776
 0.574765   0.5649717  0.56569344 0.5566259  0.5589011  0.5630865
 0.5606889  0.5599937  0.55171555 0.55012065 0.5525342  0.55757654
 0.5600733  0.5602788  0.5537282  0.5563993  0.55286014 0.56000584
 0.5651213  0.5634843  0.5557039  0.55378675 0.5532393  0.55346644
 0.5562495  0.55453926 0.5530191  0.55714345 0.55870736 0.56354535
 0.56777847 0.5704514  0.56624836 0.553556   0.55407196 0.5423187
 0.541688   0.5389006  0.5368745  0.53852886 0.52469087 0.5244553
 0.5214728  0.52058434 0.5208755  0.5205712  0.5231891  0.52098244
 0.51684165 0.52071136 0.5093916  0.5129561  0.5044648  0.4979212
 0.4908249  0.49122515 0.48747402 0.50033295 0.5038209  0.5035595
 0.49813747 0.48715746 0.49280944 0.48168665 0.46314043 0.46319872
 0.46435103 0.46789584 0.46229422 0.46020222 0.46741617 0.46226215
 0.45736948 0.45780528 0.45208323 0.45357072 0.46319565 0.4637814
 0.46195155 0.45374498 0.4593524  0.45666307 0.44901577 0.4473512
 0.4432928  0.44075578 0.44191062 0.44577482 0.44947755 0.4540466
 0.45791784 0.45091283 0.4504482  0.45656812 0.45798862 0.4644954
 0.46588454 0.46609637 0.4706021  0.4803351  0.49265635 0.48629645
 0.4862886  0.48781157 0.48961744 0.48722157 0.49395964 0.49575552
 0.5015119  0.50650734 0.51574314 0.5158203  0.51953626 0.531892
 0.5318688  0.53635675 0.5406366  0.54311365 0.54300874 0.54144067
 0.55450153 0.5591179  0.56201583 0.5732847  0.5793807  0.5778507
 0.5792683  0.57795197 0.57902765 0.5923928  0.59372824 0.598992
 0.59479207 0.5956579  0.5948447  0.59568346 0.59419304 0.59332055
 0.598602   0.6040644  0.6007189  0.60902995 0.6143954  0.61015123
 0.61124855 0.612443   0.61589336 0.60834026 0.6071081  0.6054692
 0.60987574 0.6081548  0.60412794 0.60418993 0.60040075 0.6071703
 0.61281955 0.6151792  0.6079385  0.6048509  0.609248   0.6095483
 0.60782707 0.60395426 0.6047326  0.60311764 0.59766626 0.59411526
 0.5966835  0.59610003 0.5912278  0.58978564 0.5951508  0.5911077
 0.5921412  0.58678335 0.58388394 0.5813214  0.5796668  0.58225626
 0.5741054  0.5694808  0.5685617  0.5733078  0.5778338  0.5607591
 0.56595427 0.56899583 0.5620392  0.564915   0.560147   0.56275666
 0.559508   0.5670874  0.5744098  0.5769204  0.57131845 0.56857157
 0.5797188  0.5754122  0.5762214  0.57592297 0.5759658  0.56623465
 0.56131524 0.5510164  0.54961205 0.5498924  0.5366796  0.5324937
 0.53478926 0.5191801  0.51464313 0.515031   0.52343774 0.523545
 0.52023405 0.5217669  0.52690595 0.52458036 0.5318885  0.5193285
 0.5136109  0.5127795  0.5231275  0.5203287  0.5109335  0.51822567
 0.5204382  0.5301166  0.53463775 0.52893555 0.5368235  0.53973466
 0.5348372  0.5233587  0.5244385  0.5143048  0.52137643 0.5206075
 0.5253612  0.5327782  0.5343913  0.53518933 0.5323376  0.5264308
 0.5287124  0.5293858  0.5411653  0.54109704 0.54225695 0.5365526
 0.53089964 0.54224515 0.55539864 0.5498235  0.54801965 0.5533578
 0.55379266 0.55749553 0.56197494 0.5609451  0.55599964 0.5576316
 0.5617934  0.5670463  0.56375855 0.5657607  0.57434964 0.571677
 0.5615079  0.570317   0.5759231  0.5771668  0.57755375 0.57302505
 0.5704145  0.5697275  0.57519746 0.57943565 0.5823376  0.57999456
 0.58876103 0.5844591  0.58330864 0.58592486 0.59289277 0.5867504
 0.58788526 0.58790463 0.58195513 0.5793387  0.58259887 0.579733
 0.5762476  0.5766888  0.5795568  0.57969743 0.57830614 0.5786442
 0.5767774  0.58378935 0.5804965  0.57742864 0.57807726 0.58146656
 0.580207   0.57968444 0.574533   0.5763431  0.57971025 0.58355886
 0.5770515  0.5706296  0.5715507  0.57507193 0.574325   0.5661227
 0.57091844 0.5774863  0.5734314  0.5684092  0.56066436 0.55785304
 0.5657439  0.56927544 0.5684317  0.5648411  0.56471455 0.55951077
 0.5674438  0.5664115  0.56556743]

Turbine_Data_336_96_Linear_custom_ftMS_sl336_ll48_pl96_dm512_nh8_el2_dl1_df2048_fc1_ebtimeF_dtTrue_Exp_0  
mse:1.2131174802780151, mae:1.0221104621887207, rse:2.6771273612976074, corr:[0. 0. 0. 0. 0. 0. 0. 0. 0. 0. 0. 0. 0. 0. 0. 0. 0. 0. 0. 0. 0. 0. 0. 0.
 0. 0. 0. 0. 0. 0. 0. 0. 0. 0. 0. 0. 0. 0. 0. 0. 0. 0. 0. 0. 0. 0. 0. 0.
 0. 0. 0. 0. 0. 0. 0. 0. 0. 0. 0. 0. 0. 0. 0. 0. 0. 0. 0. 0. 0. 0. 0. 0.
 0. 0. 0. 0. 0. 0. 0. 0. 0. 0. 0. 0. 0. 0. 0. 0. 0. 0. 0. 0. 0. 0. 0. 0.]

Electricity_Data_336_96_Linear_custom_ftMS_sl336_ll48_pl96_dm512_nh8_el2_dl1_df2048_fc1_ebtimeF_dtTrue_Exp_0  
mse:0.09450492262840271, mae:0.23789413273334503, rse:0.7472136616706848, corr:[0.3834411  0.3840831  0.3840102  0.3844082  0.38341108 0.3816566
 0.3800819  0.3797486  0.3778914  0.376487   0.37587723 0.37433672
 0.37398964 0.37281832 0.37200427 0.37059537 0.37017432 0.36962393
 0.36861733 0.3678421  0.36768904 0.3672999  0.36626434 0.3657022
 0.3653311  0.3645554  0.3630561  0.3616937  0.35975146 0.3582946
 0.3559911  0.354203   0.35222533 0.34967414 0.34793478 0.34652153
 0.34493187 0.34298855 0.34148923 0.33999434 0.3389535  0.33710712
 0.33596012 0.3343473  0.33305317 0.33256015 0.33046436 0.32918346
 0.32807815 0.32751426 0.3263459  0.32581428 0.32523006 0.3242162
 0.32375458 0.32309613 0.32242176 0.32190913 0.32096058 0.32096222
 0.32068703 0.32052195 0.32045582 0.3198781  0.31921005 0.3195533
 0.3193408  0.31970182 0.318833   0.31844494 0.31752676 0.31692362
 0.31623846 0.3161832  0.31523177 0.31493062 0.31471312 0.31427076
 0.314493   0.31404972 0.31307125 0.3132927  0.3130025  0.31364262
 0.31264597 0.31236276 0.311648   0.31136224 0.31005657 0.30975416
 0.3092858  0.30869865 0.30864108 0.30891746 0.3087183  0.30775192]

